763803004
719046005
719047001
719574007
719427001
719575008
719576009
719577000
719578005
719580004
719582007
719583002
719584008
719597005
719599008
719600006
719649004
719650004
719651000
719652007
719657001
719658006
719659003
718556007
719660008
719661007
719665003
719662000
719666002
719663005
719646006
719684000
718615003
719664004
718576001
718575002
718574003
719595002
719685004
718715007
718573009
718633009
718559000
718631006
718577005
719510006
719511005
719512003
719513008
719514002
719515001
719516000
719517009
719518004
718850008
719104003
719103009
719520001
719521002
718572004
719098007
719097002
719097002
718713000
719101006
719102004
718851007
719456001
719466009
719468005
719471002
719475006
718750004
718751000
719455002
718721006
719454003
719452004
720394008
719453009
718634003
718714006
719451006
719449007
719450007
719686003
718687003
718688008
718689000
718712005
718755009
718754008
718756005
718753002
718752007
718552009
718848000
718749004
719687007
717286002
718602007
718691008
718555006
719432000
719431007
719257008
719430008
719429003
719400000
719402008
719409004
719408007
719404009
719405005
719403003
718759003
718719001
718720007
719398004
718679004
718554005
719397009
718558008
719377004
719378009
719379001
719380003
719394002
719395001
718716008
718551002
719688002
719689005
719045009
718681002
718680001
719044008
719298001
719299009
719297006
718603002
718610008
718609003
718608006
718607001
718606005
718605009
718611007
719296002
719282008
719278006
719276005
719275009
718717004
719274008
719267003
719268008
719271000
719272007
719256004
719258003
718632004
719213009
719069008
718604008
719212004
719211006
719207000
719208005
719209002
719210007
719249005
719250005
719251009
718771009
718774001
718772002
718770005
718769009
719252002
719253007
719254001
719255000
719300001
719301002
719302009
719165004
719166003
719171005
719172003
719201004
719202006
718765003
719203001
718763005
719204007
718766002
718764004
719205008
719304005
719305006
719306007
719163006
719164000
719158007
719159004
718761007
719160009
719161008
719162001
718614004
719041000
719042007
719043002
719021005
719020006
718553004
719019000
718718009
718579008
718845002
719136005
719137001
719138006
719139003
719140001
719155005
719156006
719157002
719018008
719017003
719016007
719013004
719012009
719011002
719010001
718897009
718900002
718905007
718908009
718909001
718910006
718911005
718912003
718914002
719009006
718849008
718847005
718896000
718882006
718881004
718880003
722280000
720408003
720410001
720412009
720414005
720415006
720416007
720417003
720418008
720419000
720427009
720429007
720430002
720456009
720457000
720458005
720459002
720460007
720463009
720464003
720465002
720466001
722281001
722282008
722283003
722284009
722285005
720941007
720976009
720977000
720978005
720979002
720980004
720981000
720982007
720983002
720984008
720986005
720987001
720467005
720468000
720492008
720493003
720494009
720495005
720496006
720497002
720498007
720499004
720500008
720501007
720502000
720511000
720512007
720513002
720514008
720515009
720517001
720518006
720519003
720520009
722287002
722288007
722290008
722293005
722294004
719985001
719986000
719987009
719988004
719989007
719990003
720521008
720522001
720523006
722296002
722298001
722375007
722376008
717859007
717887003
717909004
717911008
717913006
717914000
717915004
717920004
717940006
717941005
720565000
720567008
720568003
720569006
720570007
720571006
720572004
720573009
720574003
720575002
720576001
717942003
717943008
717944002
717945001
720598005
720599002
720600004
720601000
720602007
720603002
720604008
720605009
720606005
720609003
720610008
722377004
722378009
722379001
722380003
722381004
722382006
722383001
722385008
722386009
720633009
720632004
720634003
720635002
720855003
720853005
720852000
719979008
719980006
719981005
720637005
720638000
720639008
720640005
720636001
720851007
720850008
717761005
717763008
717765001
717771007
717772000
717773005
717774004
717785002
717811007
717812000
722389002
722390006
722391005
722392003
720830009
720746006
720747002
720748007
720749004
720750004
720751000
720752007
720753002
720754008
720755009
720756005
720757001
720812002
720813007
720815000
720816004
720817008
720818003
720819006
720820000
720401009
720825005
720826006
721082002
721083007
721084001
721085000
721086004
721087008
721088003
721089006
721090002
721091003
721092005
721093000
721094006
721095007
721096008
722429003
721158009
722430008
722431007
722432000
722433005
722434004
722435003
722436002
721200000
721207002
721208007
722437006
722439009
720856002
720857006
720858001
720859009
720860004
720861000
720862007
720863002
720864008
721219005
721220004
720950009
720951008
720952001
720953006
720954000
720955004
720956003
720957007
720958002
721296004
721297008
721843003
721629005
722449007
722450007
719976001
717813005
717814004
717821004
717822006
717823001
717824007
722451006
722452004
719972004
719973009
721007005
721008000
721009008
721010003
721013001
721014007
721015008
719974003
719975002
717825008
717826009
717827000
721146009
721147000
721148005
721221000
721222007
721223002
721224008
721225009
721226005
721227001
721228006
721229003
721231007
721232000
721233005
721234004
721235003
721236002
721834007
721835008
721836009
721837000
721838005
721840000
721841001
721842008
721845005
721846006
722763000
722002002
722003007
722454003
722455002
722456001
722004001
720009004
722005000
717963001
722008003
722006004
722019000
721584005
721847002
721862000
721873007
721874001
721875000
722457005
717964007
722020006
722027009
722031003
722032005
721972001
721973006
722675000
721974000
721975004
721976003
721977007
721978002
721979005
722033000
722463001
722459008
722458000
722461004
722034006
722035007
722036008
722037004
721876004
721877008
721881008
721880009
720010009
721878003
721879006
722051004
722053001
722054007
722055008
722056009
722057000
722058005
722059002
722060007
722061006
722062004
722063009
722064003
722065002
722066001
721017000
722067005
722075004
722105002
722106001
722107005
722108000
722109008
722110003
722111004
722113001
722114007
722117000
722122000
722125003
722127006
722132007
722201004
722202006
722203001
722205008
722206009
722207000
722209002
722210007
722211006
722231005
721882001
721883006
721905000
721904001
721903007
721888002
721902002
722213009
722212004
721069005
721072003
721073008
721074002
721075001
721076000
722478008
719945007
719946008
719947004
722476007
722475006
722477003
719910004
719911000
719944006
719948009
719949001
719950001
719951002
719909009
719839000
719840003
719842006
719843001
719844007
719845008
719823007
719824001
719833004
719834005
719835006
719836007
719837003
719838008
719827008
719826004
719825000
719812008
719810000
719808002
719811001
719813003
719814009
719815005
719816006
719817002
719818007
719819004
721173005
192976002
737579002
737217005
737582007
737580004
738526005
738527001
737581000
716683005
716515000
716387004
716456000
717973004
718188007
716381003
716099003
715793003
715951007
715427008
716379000
716723000
715770009
716722005
715403006
717044000
716655008
715950008
716191002
715342005
715656004
715575001
715217004
715984007
715366004
715963002
715866009
718393002
715633008
715863001
717264003
716696006
717016001
717008005
717010007
717011006
717012004
717013009
717014003
715768000
717045004
717046003
715339004
718178006
717975006
715374003
717336005
718222000
716232002
715369006
715487005
715827001
715341003
718179003
718176005
715340002
718177001
718180000
715981004
717050005
716994006
717225001
718196002
717047007
717156002
715391004
715470008
715720006
715721005
716195006
715409005
717043006
715986009
715624006
718181001
717232005
715988005
715989002
715371006
717332007
716592003
715990006
716584007
715796006
715800000
715797002
715798007
715799004
715900001
715983001
716277000
716771000
716665002
716863007
717261006
716007007
715528001
715771008
715559004
716378008
718182008
715733000
716746003
716336002
716098006
716698007
716865000
716660007
715769008
715337002
717333002
718219002
717260007
715429006
717407006
717459000
715201005
718128009
715991005
715421009
718217000
716860005
716243005
716238003
715527006
716245003
715526002
716199000
716020005
716747007
716005004
715314008
717258005
732259001
717633007
716682000
715861004
716107009
715576000
715318006
718211004
715980003
718099006
715901002
716699004
716700003
716701004
715908008
716586009
716788007
715830008
716787002
716337006
715829003
715657008
717003001
717192003
716743006
715343000
716744000
716773002
718141008
715865008
716774008
715899006
715414009
716657000
715439000
715412008
717254007
717331000
718183003
718124006
715338007
716706009
718228001
715197005
715223009
715474004
716094008
715634002
717276003
716709002
716708005
717055000
716022002
715629001
716721003
716008002
715644000
716024001
715568002
716006003
718215008
716198008
715625007
716089008
716239006
715987000
716661006
716864001
715397000
718096004
718220008
716859000
718103001
716662004
717228004
715561008
716697002
716857003
716091000
716233007
717182006
717048002
718106009
717181004
716741008
716096005
718194004
717185008
717256009
717334008
715864007
717186009
715560009
715430001
718174008
715534008
716790008
717329009
715807002
715669000
715654001
717262004
715406003
716196007
715438008
716278005
716997004
716998009
716999001
716590006
717183001
717338006
716996008
715440003
716651004
718105008
717061002
716106000
716684004
717977003
715780008
715819005
715821000
715821000
715822007
716380002
715577009
716585008
715923003
716111003
716108004
718175009
716766007
715735007
717052002
717054001
715985008
715441004
715903004
717968005
718230004
716869006
715471007
715472000
715652002
717221005
715482004
715462003
716112005
715464002
716165003
716166002
717222003
715523005
718212006
718214007
715533002
718210003
715628009
716169009
717335009
716868003
715907003
715673002
715672007
715674008
716658005
716742001
716338001
715788001
715789009
716775009
716170005
715535009
717155003
715218009
716200002
715344006
715316005
715437003
716704007
717257000
718192000
716105001
717269008
716172002
716174001
715632003
716180009
716647001
715483009
716230005
715484003
716189005
716594002
717259002
715737004
718216009
717158001
715736008
717042001
718193005
716650003
717231003
715431002
715506001
715522000
718122005
717360009
716194005
715904005
715727009
715710001
718213001
716279002
715463008
718218005
715574002
715777007
716664003
716652006
716588005
715902009
716649003
718200007
715868005
715828006
715529009
718224004
716281000
716023007
716862002
718227006
715317001
715867000
716197003
718097008
717184007
718232007
716092007
715794009
718189004
717267005
717053007
715401008
715415005
716667005
718135001
716772007
716593008
718095000
717255008
716712004
717187000
717266001
715982006
716871006
716663009
715216008
716090004
716192009
716193004
715428003
715862006
716745004
716685003
715465001
715504003
715748006
715754007
716724006
715751004
715824008
715825009
715826005
715755008
715752006
715726000
715753001
716231009
717330004
717191005
715723008
715724002
715725001
717337001
717041008
718107000
716249009
716855006
71674000
716653001
715734006
715531000
718104007
717263009
715655000
717157006
717049005
715626008
716280004
716648006
715905006
716110002
716334004
715952000
715215007
718226002
716335003
715426004
717223008
717632002
717224002
715345007
716248001
715803003
715801001
715802008
726723004
723304001
723306004
723307008
723308003
723309006
723332005
723333000
723334006
723336008
723359002
723360007
723361006
723362004
723363009
723364003
723365002
723366001
723367005
723383005
723384004
723385003
723386002
723403008
723404002
723405001
723406000
723407009
723408004
723409007
723410002
723411003
723439002
723440000
723441001
723442008
723443003
723444009
723446006
723448007
723449004
723450004
723451000
723452007
723453002
723454008
723455009
723461007
723496007
723497003
723499000
723500009
723501008
723502001
723503006
723504000
723508002
723512008
723551003
723552005
723553000
723554006
723555007
723556008
723557004
723578001
723579009
723580007
723581006
723582004
723583009
723584003
111304003
723610009
723611008
723612001
723621000
723622007
723623002
723624008
723674005
723675006
723676007
723716009
723720008
723721007
723828008
723829000
723830005
723993005
723994004
723995003
723998001
723999009
724000006
724001005
724002003
724015007
724016008
724039002
724062000
724063005
724064004
724065003
724066002
724067006
724068001
724069009
724070005
724072002
724090001
724091002
724092009
724093004
724094005
724095006
724097003
724098008
724099000
724137002
724138007
724139004
724140002
724141003
724142005
724144006
724145007
724146008
724147004
724170007
724172004
724173009
724174003
724175002
724176001
724177005
724178000
724179008
724206005
724207001
724208006
724224007
724225008
724226009
724227000
724228005
724274009
724275005
724276006
724277002
724278007
724279004
724281002
724282009
724283004
724284005
724344004
724349009
724350009
724351008
724356003
724357007
724361001
724383002
724384008
724385009
725028009
725029001
725030006
725031005
725033008
725034002
725035001
725036000
725042001
725043006
725045004
725046003
725047007
725048002
725049005
725050005
725058003
725096002
725097006
725098001
725099009
725100001
725101002
725104005
725105006
725135004
725136003
725137007
725138002
725139005
725140007
725141006
725142004
725145002
725146001
725148000
725149008
725150008
725151007
725157006
725163002
725168006
725286002
725289009
725290000
725291001
725295005
725296006
725390002
725392005
725393000
725394006
725408001
725409009
725411000
725413002
725415009
725416005
725417001
725418006
725419003
725420009
725431001
725432008
725433003
725434009
725461009
725463007
725587007
725588002
725589005
725590001
725591002
725592009
725903003
725904009
725905005
725906006
725907002
725908007
725910009
725911008
725912001
726019003
726021008
726029005
726031001
726079008
726081005
726082003
726083008
726106004
726107008
726606003
726607007
726608002
726609005
726610000
726611001
726613003
726614009
726615005
726616006
726617002
726618007
726619004
726620005
726621009
726622002
726628003
726629006
726669007
726670008
726672000
726702005
726703000
726704006
726705007
726706008
726707004
726708009
726709001
726721002
726722009
726724005
726727003
726732002
726733007
726734001
726735000
732245008
732246009
732247000
732248005
732249002
732250002
732251003
732252005
732261005
732262003
732263008
732264002
732926009
732927000
732928005
732929002
732930007
732931006
732932004
732933009
732949006
732948003
732950006
732951005
732953008
732954002
732955001
732956000
732957009
732958004
732959007
732961003
733028000
733029008
733030003
733031004
733032006
733033001
733034007
733037000
733038005
733044009
733045005
733046006
733049004
733050004
733062000
733064004
733065003
733066002
733067006
733068001
733069009
733070005
733071009
733072002
733082001
733083006
733084000
733085004
733086003
733087007
733088002
733089005
733091002
733092009
733093004
733094005
733095006
733096007
733097003
733110004
733111000
733112007
733115009
733113002
733116005
733117001
733118006
733416004
733417008
733418003
733419006
733422008
733425005
733447005
733450008
733451007
733452000
733453005
733454004
733455003
733456002
733457006
733466005
733467001
733468006
733469003
733470002
733471003
733472005
733473000
733489002
733491005
733492003
733518000
733519008
733520002
733521003
733522005
733598001
733599009
733600007
733600007
733603009
733604003
733605002
733606001
733608000
734173003
733621007
733622000
733623005
733625003
733626002
733627006
733628001
733630004
733638006
733650000
734015000
734016004
734017008
734018003
734019006
734021001
734020000
734022008
734023003
734024009
734026006
734028007
734029004
734030009
734031008
766987006
764858009
764859001
763895001
763893008
763867001
763891005
763890006
763889002
763888005
763886009
763885008
763884007
763869003
763868006
763866005
763821001
763865009
763864008
763863002
763861000
763860004
763839005
763833006
763834000
763835004
763837007
763815000
763830009
763829004
763828007
763827002
763802009
763798008
763797003
763796007
763795006
763773007
763793004
763794005
763792009
763778003
763776004
763775000
763774001
763772002
763771009
763770005
763768001
763767006
763755009
763748007
763747002
763745005
763744009
763743003
763742008
763741001
763740000
763739002
763713000
763658004
763722004
763721006
763720007
763719001
763718009
763717004
763716008
763715007
763714006
763691008
763688008
763686007
763684005
763683004
763615003
763669001
763668009
763665007
763632004
763631006
763630007
763624007
763623001
763621004
763620003
763619009
763618001
763617006
763616002
763536006
763535005
763534009
763533003
763532008
763531001
763527007
763528002
763529005
763530000
763479005
763477007
763475004
763462004
763455008
763457000
763458005
763460007
763408003
763409006
763405000
763406004
763407008
763404001
763403007
763402002
763401009
763400005
763373005
763374004
763375003
763376002
763377006
763370008
763369007
763368004
763367009
763366000
763353000
763352005
763351003
763350002
763349002
763348005
763347000
763346009
763345008
763344007
763320005
763318007
763317002
763316006
763315005
763314009
763312008
763311001
763310000
763309005
763186006
763280005
763279007
763278004
763272003
763273008
763274002
763275001
763276000
763277009
763220008
763218005
763215008
763213001
763212006
763110007
763203009
763204003
763209008
763211004
763136000
763135001
763134002
763133008
763132003
763131005
763130006
763129001
763128009
763127004
763068005
763069002
763070001
763067000
763066009
763065008
763063001
763064007
763062006
763061004
764453009
764095005
764096006
764097002
764098007
764100007
764104003
764105002
764108000
764525006
764447009
764454003
764459008
764500002
764512003
764518004
764519007
764520001
764521002
764522009
764523004
764461004
764463001
764466009
764619001
764621006
764622004
764623009
764624003
764625002
764627005
764628000
764629008
764630003
764735002
764737005
764690001
764694005
764697003
765471005
764686003
764688002
764696007
764703002
764711007
764725008
764732004
764733009
764939004
764940002
764857004
764856008
764855007
764845008
764846009
764847000
764849002
764730007
764850002
764854006
764812008
764734003
764736001
764791008
764810000
764811001
764942005
764943000
764944006
764945007
764946008
764950001
764965000
764963007
764962002
764961009
764960005
764959000
764958008
764957003
764956007
764955006
764938007
764951002
764952009
764989007
764990003
764992006
764993001
764994007
764995008
764996009
764997000
764998005
764999002
765096001
765095002
765093009
765092004
765091006
765090007
765089003
765047006
765046002
765045003
765140006
765138001
765137006
765136002
765135003
765141005
765142003
48983004
765146000
765221009
765212008
765206003
765204000
765197008
765196004
765195000
765191009
765190005
765188009
765187004
765401006
765331004
765329008
765328000
765327005
765326001
765325002
765812004
766044005
766045006
766048008
766046007
766049000
765741003
765740002
765748009
765750001
765751002
765744006
765745007
765746008
765747004
765753004
765755006
765756007
765757003
765758008
765761009
765763007
766050000
766051001
766052008
766053003
766704005
766705006
766706007
766707003
766708008
766709000
766710005
766711009
766252004
766251006
766249007
766248004
766247009
766246000
766237006
766238001
766239009
766240006
766715000
766716004
766717008
766750008
766751007
766752000
766753005
766722008
766719006
766720000
766721001
765484001
765485000
765486004
765487008
765488003
765489006
766981007
766756002
766755003
766757006
766758001
766759009
766760004
766761000
766764008
766765009
766767001
766766005
766881008
766879006
766876004
766874001
766872002
766871009
766870005
766883006
766884000
766888002
766821006
766820007
766812005
766813000
766814006
766815007
766816008
766817004
766818009
766819001
766927009
766928004
766929007
766930002
766931003
766932005
766933000
766934006
766935007
766937004
766976003
766977007
766978002
766979005
766980008
766982000
766983005
766986002
768927001
768929003
768932000
768933005
768934004
768935003
768939009
768926005
770401007
770402000
770404004
770405003
770406002
770407006
770408001
770409009
770410004
770411000
770430000
770431001
770432008
770433003
770434009
770435005
770436006
770437002
770438007
770542008
770558006
770559003
770560008
770561007
770562000
770563005
770564004
770565003
770566002
770567006
770592009
770591002
770593004
770594005
770595006
770596007
770601003
770602005
770603000
770604006
770622009
770623004
770624005
771141002
770625006
770626007
771142009
770627003
770628008
770629000
770630005
771081007
770631009
771143004
771144005
771080008
771145006
771146007
771078002
771223000
771232003
771233008
771077007
771147003
771234002
771076003
771075004
770643005
771073006
770655004
771074000
770663003
771072001
770664009
770665005
770666006
770667002
770668007
770669004
770670003
770678005
770679002
770680004
770948004
770681000
770682007
770683002
770684008
770685009
770686005
770687001
771235001
771236000
771237009
771148008
770947009
771238004
771239007
771177009
771178004
771179007
771149000
771180005
771181009
771182002
771184001
770945001
770946000
771185000
771186004
771187008
771240009
771261002
771262009
771263004
771264005
771265006
771266007
771267003
771269000
771271000
770942003
770943008
770944002
770940006
770939009
770941005
771272007
770909004
770905005
770907002
770908007
770903003
770902008
770901001
770900000
770898002
770896003
770794008
770785002
770784003
770786001
770787005
770788000
770790004
770791000
770792007
770793002
770760006
770761005
770759001
770758009
770757004
770756008
770755007
770754006
770751003
770750002
770719004
770720005
770721009
770722002
770723007
770724001
770725000
770726004
770727008
770728003
771300001
771301002
771302009
771303004
771304005
771305006
771306007
771307003
771308008
771309000
771333006
771334000
771335004
771336003
771337007
771338002
771339005
771340007
771341006
771342004
771439009
771440006
771441005
771442003
771443008
771444002
771445001
771446000
771447009
771448004
771469002
771470001
771471002
771472009
771473004
771474005
771475006
771476007
771477003
771478008
771479000
771509001
771510006
771511005
771512003
771513008
771514002
771515001
771516000
771517009
715404000
715491000
715776003
715425000
715647007
715436007
715666007
715631005
715417002
715422002
715524004
715646003
715364001
715395008
715630006
715219001
715665006
715645004
715434005
715192004
715664005
715565004
715418007
715419004
715420005
715670004
715564000
715668008
715704001
715707008
715627004
715562001
715505002
715653007
715442006
715530004
715242008
715532007
715240000
723819007
723820001
723821002
723822009
723823004
723824005
723825006
723826007
723827003
723992000
764435003
768556005
768555009
768663003
768843007
764861005
764460003
764437006
764440006
764456001
766824003
773282001
773283006
773284000
773299000
773281008
773280009
773278003
773279006
773276004
773275000
773274001
773300008
773301007
773302000
773303005
773304004
773305003
773702002
773700005
773306002
773307006
773308001
772126000
773699009
773698001
773697006
773693005
773692000
773691007
773690008
773326003
773328002
773329005
773330000
773325004
773331001
773332008
773688007
773673002
773672007
773670004
773668008
773667003
773666007
773665006
773664005
773663004
773662009
773649005
773648002
773647007
773333003
773646003
773645004
773644000
773643006
773642001
773641008
773345007
773628009
773627004
773346008
773626008
773625007
773624006
773623000
773622005
773621003
773610007
773587008
773584001
773583007
773582002
773581009
773579007
773578004
773393001
773394007
773395008
773396009
773397000
773398005
773400009
773577009
773576000
773575001
773404000
773557002
773556006
773555005
773554009
772129007
773553003
773405004
773552008
773426004
773406003
773551001
773414009
773415005
773416006
773418007
773419004
773421009
773422002
773423007
773488000
773489008
773425000
773492007
773493002
773494008
773495009
773497001
773498006
773549000
773548008
773547003
773501006
773503009
780844005
780842009
780841002
778073001
778068007
778067002
778066006
778065005
778063003
778062008
778064009
774066000
778061001
778060000
774065001
778051008
778050009
773994002
773993008
773992003
773991005
778049009
773990006
773989002
778048001
778047006
773987000
773986009
773985008
773984007
773775004
773774000
773773006
778044004
773772001
773771008
778046002
778045003
773770009
773769008
778043005
773768000
773750003
773749003
778042000
773738009
773737004
773735007
773733000
773732005
778030005
778029000
778028008
778027003
773730002
773729007
773728004
773727009
773726000
778026007
778024005
778023004
778022009
778025006
778021002
778012003
778011005
778010006
778009001
778008009
778007004
778006008
778005007
778004006
778003000
778000002
777999008
777998000
776417008
776416004
776204008
776087007
775909002
775908005
775907000
774212003
774211005
774210006
774209001
774208009
774207004
774206008
774205007
774204006
774203000
774155009
774154008
774153002
774152007
774151000
774150004
774149004
774148007
774147002
774102003
774084003
774083009
774082004
774080007
774071007
774070008
774069007
774068004
719266007
722292000
721887007
715402001
723544007
724071009
724096007
724229002
725026008
725027004
725044000
725078006
725079003
725164008
725166005
725165009
725167001
725287006
725407006
725462002
726018006
726017001
723373006
726020009
726030000
726032008
726051002
726078000
733636005
733637001
763666008
763622006
765143008
765145001
765216006
765202001
765282004
765275003
768946000
768937006
768925009
768924008
733361001
720940008
768846004
765057007
764452004
766032007
780822000
780821007
780820008
780817000
778070003
778069004
720461006
720612000
722453009
725464001
773629001
780819002
780818005
201160005
782821004
782820003
782786001
782785002
782783009
782782004
782781006
782780007
782774004
782773005
782772000
782771007
782759001
782758009
782757004
782756008
782755007
782754006
782753000
782752005
782751003
782750002
782746009
782747000
782744007
782745008
782743001
782742006
782739000
782738008
782737003
782736007
782725000
782726004
782727008
782724001
782723007
782722002
782721009
782695002
782696001
782697005
782694003
782691006
782692004
782690007
782689003
782679002
782675008
782676009
782673001
782674007
782672006
782669004
782670003
782720005
782719004
782718007
782680004
782699008
782698000
783245001
783773000
783771003
783244002
783243008
783242003
783230008
783231007
783205005
783770002
783204009
783203003
783202008
783768006
783767001
783766005
783201001
783200000
783199003
783198006
783764008
783195009
783194008
783183009
783182004
783181006
783180007
783743009
783178001
783742004
783177006
783176002
783174004
783175003
783179009
783741006
783740007
783166000
783164002
783165001
783160006
783161005
783258000
783257005
783739005
783256001
783738002
783255002
783254003
783251006
783250007
783737007
783159001
783248004
783249007
783158009
783157004
783156008
783155007
783736003
783735004
783734000
783723003
783149002
783722008
783148005
783146009
783143001
783719006
783142006
783016009
783014007
783013001
783012006
783718003
783140003
783011004
783717008
783010003
783009008
783008000
783139000
783138008
783137003
783774006
783007005
783099001
783706007
783098009
783705006
783097004
783096008
783704005
783095007
783006001
783703004
783702009
783005002
783004003
783003009
782951006
782949007
782946000
783701002
782945001
782942003
782941005
783700001
782940006
782937006
782935003
782934004
782918002
782917007
782916003
783698005
783094006
783697000
782915004
782914000
782913006
782912001
783092005
783091003
782911008
783696009
782910009
783622001
782909004
783621008
783090002
782887003
783089006
783065004
783246000
783620009
782886007
783062001
783619003
782884005
783618006
783617001
783616005
783615009
783614008
782883004
782882009
782881002
782880001
783062001
782879004
782878007
783061008
782877002
782829002
783060009
783612007
782828005
782827000
783562005
783559007
782826009
782825008
782824007
782823001
782822006
783059004
783558004
783556000
783555001
783058007
783057002
783554002
783553008
783056006
783551005
783550006
783549006
783136007
783055005
